 WL       X coor:       -4.2       -2.8       -1.4          0        1.4        2.8        4.2 
185 Rel.Eff. val:   0.760759     0.8318   0.910236          1   0.861886   0.786273   0.672509 
185 Rel.Eff. err:  0.0284458  0.0304277  0.0316567  0.0340894  0.0313596  0.0281992  0.0252712 
190 Rel.Eff. val:   0.709265   0.820345   0.964023          1   0.935721    0.75718   0.621507 
190 Rel.Eff. err:   0.020349  0.0239508  0.0269086  0.0270823  0.0266873  0.0239388  0.0194873 
195 Rel.Eff. val:   0.658591   0.812262   0.984948          1   0.918386   0.756938    0.58029 
195 Rel.Eff. err:  0.0110631  0.0127193  0.0154416  0.0161216   0.014978  0.0116593   0.010379 
200 Rel.Eff. val:   0.680302   0.810958   0.972668          1   0.950291   0.784939   0.601644 
200 Rel.Eff. err: 0.00670956 0.00759573 0.00909305 0.00882292  0.0090252 0.00739978 0.00654489 
205 Rel.Eff. val:   0.698647    0.83351   0.985456          1   0.971722   0.806693   0.641042 
205 Rel.Eff. err: 0.00495506 0.00584914 0.00668521 0.00725214 0.00650963 0.00570185 0.00479828 
210 Rel.Eff. val:   0.732401   0.859435    1.00695          1   0.988891   0.833458   0.685588 
210 Rel.Eff. err: 0.00386224 0.00428788 0.00489828  0.0047965 0.00491506 0.00407673 0.00361718 
215 Rel.Eff. val:   0.747231   0.863455   0.996992          1   0.982097   0.847012   0.714311 
215 Rel.Eff. err:  0.0028565 0.00315431 0.00359911 0.00386096 0.00365232 0.00315829 0.00283743 
220 Rel.Eff. val:   0.766252   0.876514   0.995133          1   0.987913    0.85725   0.737357 
220 Rel.Eff. err: 0.00224004 0.00246902 0.00282554 0.00277241 0.00271197 0.00245123 0.00218718 
225 Rel.Eff. val:   0.789923   0.885717    0.99672          1   0.996106   0.880968   0.767873 
225 Rel.Eff. err: 0.00205082 0.00255608  0.0024882 0.00248463 0.00239042 0.00231788 0.00197062 
240 Rel.Eff. val:   0.818126   0.891548    0.99206          1     1.0002   0.897518   0.810362 
240 Rel.Eff. err: 0.00183529 0.00219205 0.00229431 0.00244684 0.00223731 0.00194568 0.00191299 
255 Rel.Eff. val:   0.835974   0.897075   0.991853          1   0.996536   0.896534   0.827192 
255 Rel.Eff. err: 0.00199708 0.00199423 0.00232883 0.00223623 0.00216063 0.00211489 0.00186636 
270 Rel.Eff. val:   0.835636   0.898898   0.987454          1   0.990821   0.894513   0.832371 
270 Rel.Eff. err: 0.00183888 0.00183693 0.00202856 0.00210795  0.0020282 0.00183743 0.00182789 
285 Rel.Eff. val:   0.832605   0.892002   0.987307          1   0.990712   0.886758   0.829644 
285 Rel.Eff. err: 0.00182699 0.00198326 0.00221116 0.00238904 0.00220901 0.00218707 0.00195476 
300 Rel.Eff. val:   0.812851   0.880269   0.982926          1   0.982888   0.868394    0.80798 
300 Rel.Eff. err: 0.00190196 0.00203665 0.00219515 0.00228685 0.00213566 0.00204822 0.00181571 
340 Rel.Eff. val:   0.786605   0.869039   0.983852          1   0.980375    0.85784   0.785321 
340 Rel.Eff. err:  0.0026103 0.00284485 0.00301039 0.00315901 0.00322211 0.00282106 0.00253877 
380 Rel.Eff. val:   0.725568   0.825076   0.971621          1   0.961484   0.812837   0.724982 
380 Rel.Eff. err: 0.00274039 0.00293802 0.00345622  0.0033275 0.00331367 0.00318503  0.0028777 
420 Rel.Eff. val:   0.711765   0.821059   0.979058          1   0.968048   0.818851   0.716211 
420 Rel.Eff. err:  0.0029409 0.00354204 0.00406535 0.00430979   0.004061 0.00351847 0.00319547 
 WL       Y coor:       -4.2       -2.8       -1.4          0        1.4        2.8        4.2 
185 Rel.Eff. val:   0.684258   0.864835   0.896231          1   0.960392   0.873381    0.76235 
185 Rel.Eff. err:  0.0256755  0.0292797  0.0319912  0.0315543  0.0329877  0.0275327  0.0256985 
190 Rel.Eff. val:   0.608597   0.850592   0.959907          1    1.01424   0.898732   0.769714 
190 Rel.Eff. err:  0.0172053  0.0231833  0.0260347  0.0242991  0.0262659  0.0241236  0.0211627 
195 Rel.Eff. val:   0.576496   0.825739   0.952048          1    1.02803   0.895242   0.734083 
195 Rel.Eff. err: 0.00939905  0.0127711  0.0146817  0.0150602  0.0153455  0.0140784  0.0116388 
200 Rel.Eff. val:   0.565818   0.823076    0.95116          1    1.01327   0.893102   0.746004 
200 Rel.Eff. err: 0.00603247  0.0083618  0.0092683  0.0099334  0.0103275 0.00849229 0.00746169 
205 Rel.Eff. val:   0.600219   0.864533   0.977101          1    1.00955   0.914164   0.776076 
205 Rel.Eff. err: 0.00449767  0.0060547 0.00662974 0.00679958 0.00661745 0.00595199 0.00542876 
210 Rel.Eff. val:   0.631936   0.892891   0.996022          1    1.01571   0.924787   0.798756 
210 Rel.Eff. err: 0.00374167 0.00461112 0.00554557 0.00524723 0.00523975 0.00501865 0.00436266 
215 Rel.Eff. val:   0.664491   0.919864     1.0057          1    1.01635   0.943457   0.821705 
215 Rel.Eff. err: 0.00251413 0.00340125 0.00354163 0.00355778 0.00374963 0.00350584 0.00304695 
220 Rel.Eff. val:   0.691939   0.933984    1.00793          1     1.0179   0.951343   0.839893 
220 Rel.Eff. err: 0.00205066 0.00264283 0.00274154 0.00266378 0.00290166  0.0026309 0.00239018 
225 Rel.Eff. val:   0.708074   0.942042    1.00777          1    1.00927   0.950095   0.854992 
225 Rel.Eff. err: 0.00186949 0.00247758 0.00257549 0.00266629 0.00275332 0.00259271 0.00232184 
240 Rel.Eff. val:   0.731579   0.937431    1.00151          1    1.01201   0.966603   0.880614 
240 Rel.Eff. err: 0.00168194 0.00209431 0.00214805 0.00225456 0.00228802  0.0021474 0.00203279 
255 Rel.Eff. val:   0.735164   0.914563   0.993462          1    1.01637   0.961551   0.888741 
255 Rel.Eff. err: 0.00175263 0.00212948 0.00222262 0.00239177 0.00243824 0.00218015 0.00206225 
270 Rel.Eff. val:    0.72915   0.902528   0.984302          1    1.01822   0.956834    0.88964 
270 Rel.Eff. err: 0.00165188 0.00192683 0.00204947 0.00221826 0.00228689 0.00209308 0.00194079 
285 Rel.Eff. val:   0.717652   0.890786   0.985415          1    1.01575    0.94918   0.882754 
285 Rel.Eff. err: 0.00166701 0.00192248 0.00215979 0.00219137 0.00220266 0.00202946  0.0018529 
300 Rel.Eff. val:   0.700812   0.880124    0.99074          1    1.01513   0.952343   0.879388 
300 Rel.Eff. err: 0.00161608 0.00185873 0.00219704 0.00212007 0.00219807 0.00201593 0.00187504 
340 Rel.Eff. val:   0.667625   0.859235   0.984771          1    1.01062    0.92916   0.844807 
340 Rel.Eff. err: 0.00223462 0.00271914 0.00315479 0.00307618 0.00305408 0.00290098 0.00265702 
380 Rel.Eff. val:   0.621607   0.828259   0.975693          1    1.00181   0.901223   0.789477 
380 Rel.Eff. err: 0.00258952 0.00321091 0.00344979 0.00353365 0.00359094  0.0033459 0.00286771 
420 Rel.Eff. val:   0.634909   0.869568   0.990909          1   0.989411   0.888844   0.774708 
420 Rel.Eff. err: 0.00275185 0.00384335 0.00395418 0.00400507 0.00393829  0.0038679 0.00310451 
