! Mirror_num     	90%	 		75% inner		 75% outer		50% inner			50% outer
!
1   1183.97  1.95   1182.16  1.54   1153.60  1.14   1204.94  2.59   1207.83  2.42
2   1131.24  1.06   1134.08  0.94   1179.05  1.77   1136.91  0.78   1172.57  1.87
3   1171.10  1.70   1172.86  1.57   1172.89  1.50   1184.75  2.34   1206.65  2.39
4   1223.92  2.29   1223.56  1.77   1195.59  1.65   1237.35  2.39   1212.00  2.05
5   1133.31  0.76   1130.10  0.25   1178.68  1.63   1141.29  0.49   1173.80  1.64
6   1129.06  0.94   1132.39  0.86   1087.35  -0.22   1148.24  1.61   1151.72  1.30
7   1135.38  1.13   1140.96  1.15   1103.07  0.13   1162.57  2.26   1165.93  1.68
8   1143.25  1.26   1143.35  0.96   1179.10  1.83   1141.58  0.29   1150.67  1.33
9   1143.72  1.30   1151.51  1.39   1059.42  -0.67   1168.87  2.44   1133.65  0.94
10   1120.35  0.42   1116.84  -0.09   1090.45  -0.30   1121.31  -0.49   1094.84  -0.17
11   1117.66  0.75   1121.77  0.68   1015.24  -1.58   1130.95  1.04   1109.39  0.40
12   1121.17  0.84   1122.64  0.62   1042.43  -0.98   1136.36  1.26   1121.83  0.72
13   1224.64  2.43   1231.74  2.23   1136.02  0.60   1261.36  2.60   1160.69  1.07
14   1179.64  1.59   1169.01  0.83   1183.03  1.60   1171.75  0.87   1251.26  3.29
15   1136.74  1.17   1137.17  0.92   1153.36  1.31   1147.01  1.25   1193.61  2.39