Mirror 10 (Mirror 2):
1108.80  0.36   1102.11  -0.32   1055.46  -0.73   1103.84  -1.10   1077.25  -0.30

   1  p0           2.94903e+02   3.39804e-04   0.00000e+00  -1.06773e-01
   2  p1           2.40723e+02   3.94216e-04  -0.00000e+00   4.45255e-01
   3  p2           1.10880e+03   1.16074e-02   0.00000e+00  -5.02475e-02
   4  p3           3.60208e-01   3.96288e-04   0.00000e+00   9.27219e-01
   5  p4           6.96479e+01   1.36611e-04  -0.00000e+00  -9.22200e-02


Mirror 10:
1120.35  0.42   1116.84  -0.09   1090.45  -0.30   1121.31  -0.49   1094.84  -0.17
   1  p0           2.92468e+02   3.41781e-04   2.06067e-08   9.19354e-02
   2  p1           2.38582e+02   4.00775e-04   6.22384e-07  -1.86752e-03
   3  p2           1.12035e+03   1.17595e-02   3.72543e-05  -2.23927e-02
   4  p3           4.18950e-01   4.01810e-04   1.19945e-06   3.21807e-01
   5  p4           6.68441e+01   1.36797e-04  -3.86621e-07  -4.42646e-01

